Data set data for last saved AI
MIN=-0.6666666666666667
MAX=1.3333333333333335